[NUM WORD COMBINED]=xlsread('NYHGasFix.xlsx')

NUM =

  Columns 1 through 10

       NaN    0.4890    0.4490    0.5010    0.6390    0.6880    0.5300    0.5270    0.4220    0.5110
       NaN    0.4740    0.4610    0.4830    0.5930    0.6590    0.5530    0.5230    0.4360    0.5110
       NaN    0.5090    0.4520    0.5470    0.5560    0.7230    0.5710    0.5400    0.4410    0.5040
       NaN    0.5040    0.5070    0.7000    0.6000    0.7200    0.5980    0.5940    0.4900    0.6100
       NaN    0.5420    0.5220    0.6790    0.6430    0.7010    0.6340    0.5940    0.5050    0.6480
    0.4200    0.5570    0.5180    0.6370    0.6460    0.6350    0.6450    0.5480    0.5280    0.5960
    0.3400    0.5560    0.5540    0.5630    0.6530    0.6520    0.6000    0.5190    0.5450    0.5110
    0.4260    0.5230    0.4830    0.5270    0.8970    0.6970    0.6210    0.5320    0.5550    0.5330
    0.4200    0.5180    0.4660    0.5930    0.9970    0.6210    0.6180    0.4860    0.4640    0.5610
    0.4100    0.5410    0.5110    0.5560    0.9570    0.6450    0.6050    0.5030    0.5100    0.4870
    0.4110    0.5160    0.5210    0.5090    0.8790    0.6490    0.5820    0.4440    0.5200    0.5050
    0.4340    0.4540    0.4720    0.5410    0.6790    0.5550    0.5330    0.3760    0.4680    0.5340

  Columns 11 through 20

    0.5060    0.6740    0.4780    0.3430    0.7050    0.8290    0.5440    0.8790    0.9980    1.2410
    0.5330    0.6240    0.4490    0.3170    0.8160    0.8260    0.5530    0.9960    1.0470    1.2240
    0.5850    0.6130    0.4470    0.4230    0.8890    0.7850    0.6980    0.9550    1.0910    1.4390
    0.6910    0.5870    0.4700    0.5010    0.7290    0.9470    0.7440    0.7990    1.1190    1.4800
    0.6490    0.6210    0.4820    0.4920    0.8880    0.9270    0.7030    0.7600    1.3440    1.3710
    0.5800    0.5510    0.4390    0.4890    0.9630    0.7200    0.7170    0.8080    1.1530    1.5090
    0.6160    0.5870    0.4230    0.5830    0.8590    0.6830    0.7660    0.8730    1.2250    1.5910
    0.6090    0.7050    0.4030    0.6390    0.8720    0.7760    0.7690    1.0070    1.2060    1.9370
    0.6240    0.6230    0.4290    0.6880    0.9610    0.7610    0.7780    0.9030    1.2610    2.1330
    0.6550    0.5840    0.4350    0.6270    0.9480    0.5980    0.8260    0.8750    1.3770    1.7090
    0.6910    0.5570    0.3720    0.6960    0.9440    0.5170    0.7660    0.8820    1.2670    1.4700
    0.6870    0.5180    0.3070    0.7030    0.7370    0.5170    0.8080    0.8850    1.0680    1.6000

  Columns 21 through 30

    1.7350    1.4320    2.3340    1.1460    2.0400    2.4480    2.8220    2.8520    2.6720    1.3640
    1.4990    1.6400    2.3810    1.2160    1.9630    2.5580    3.0440    3.0530    2.7950    1.6070
    1.7650    1.9380    2.5040    1.2880    2.1400    2.8380    3.1670    2.9140    2.7530    1.6440
    2.1350    2.1050    2.7620    1.3790    2.2270    3.1780    3.2060    2.7060    2.8960    1.7930
    2.0420    2.2450    3.0980    1.6890    2.0190    3.0240    2.8770    2.7420    2.8620    1.9380
    2.0650    2.1860    3.2920    1.9060    2.0140    2.8350    2.6020    2.7400    2.8960    2.0050
    2.2370    2.1370    3.1480    1.7500    1.9950    3.0210    2.7470    2.9240    2.8020    1.8600
    2.0380    2.0040    2.8970    1.9300    1.9430    2.8350    3.0220    2.9330    2.7050    1.6200
    1.5830    2.1020    2.8050    1.7790    1.9690    2.7680    3.2700    2.7970    2.7210    1.4600
    1.5060    2.1690    1.9200    1.9240    2.1640    2.7720    2.9750    2.6850    2.3980    1.3970
    1.5880    2.4240    1.2830    1.9830    2.2440    2.6290    2.8170    2.6730    2.1650    1.3770
    1.6700    2.3300    0.9560    1.9190    2.3890    2.6340    2.7270    2.7360    1.6830    1.2760

  Column 31

    1.1210
    1.0580
    1.2010
    1.4480
    1.5660
    1.5060
    1.3540
       NaN
       NaN
       NaN
       NaN
       NaN


WORD = 

     {}


COMBINED = 

  Columns 1 through 8

    [   NaN]    [0.4890]    [0.4490]    [0.5010]    [0.6390]    [0.6880]    [0.5300]    [0.5270]
    [   NaN]    [0.4740]    [0.4610]    [0.4830]    [0.5930]    [0.6590]    [0.5530]    [0.5230]
    [   NaN]    [0.5090]    [0.4520]    [0.5470]    [0.5560]    [0.7230]    [0.5710]    [0.5400]
    [   NaN]    [0.5040]    [0.5070]    [0.7000]    [0.6000]    [0.7200]    [0.5980]    [0.5940]
    [   NaN]    [0.5420]    [0.5220]    [0.6790]    [0.6430]    [0.7010]    [0.6340]    [0.5940]
    [0.4200]    [0.5570]    [0.5180]    [0.6370]    [0.6460]    [0.6350]    [0.6450]    [0.5480]
    [0.3400]    [0.5560]    [0.5540]    [0.5630]    [0.6530]    [0.6520]    [0.6000]    [0.5190]
    [0.4260]    [0.5230]    [0.4830]    [0.5270]    [0.8970]    [0.6970]    [0.6210]    [0.5320]
    [0.4200]    [0.5180]    [0.4660]    [0.5930]    [0.9970]    [0.6210]    [0.6180]    [0.4860]
    [0.4100]    [0.5410]    [0.5110]    [0.5560]    [0.9570]    [0.6450]    [0.6050]    [0.5030]
    [0.4110]    [0.5160]    [0.5210]    [0.5090]    [0.8790]    [0.6490]    [0.5820]    [0.4440]
    [0.4340]    [0.4540]    [0.4720]    [0.5410]    [0.6790]    [0.5550]    [0.5330]    [0.3760]

  Columns 9 through 16

    [0.4220]    [0.5110]    [0.5060]    [0.6740]    [0.4780]    [0.3430]    [0.7050]    [0.8290]
    [0.4360]    [0.5110]    [0.5330]    [0.6240]    [0.4490]    [0.3170]    [0.8160]    [0.8260]
    [0.4410]    [0.5040]    [0.5850]    [0.6130]    [0.4470]    [0.4230]    [0.8890]    [0.7850]
    [0.4900]    [0.6100]    [0.6910]    [0.5870]    [0.4700]    [0.5010]    [0.7290]    [0.9470]
    [0.5050]    [0.6480]    [0.6490]    [0.6210]    [0.4820]    [0.4920]    [0.8880]    [0.9270]
    [0.5280]    [0.5960]    [0.5800]    [0.5510]    [0.4390]    [0.4890]    [0.9630]    [0.7200]
    [0.5450]    [0.5110]    [0.6160]    [0.5870]    [0.4230]    [0.5830]    [0.8590]    [0.6830]
    [0.5550]    [0.5330]    [0.6090]    [0.7050]    [0.4030]    [0.6390]    [0.8720]    [0.7760]
    [0.4640]    [0.5610]    [0.6240]    [0.6230]    [0.4290]    [0.6880]    [0.9610]    [0.7610]
    [0.5100]    [0.4870]    [0.6550]    [0.5840]    [0.4350]    [0.6270]    [0.9480]    [0.5980]
    [0.5200]    [0.5050]    [0.6910]    [0.5570]    [0.3720]    [0.6960]    [0.9440]    [0.5170]
    [0.4680]    [0.5340]    [0.6870]    [0.5180]    [0.3070]    [0.7030]    [0.7370]    [0.5170]

  Columns 17 through 24

    [0.5440]    [0.8790]    [0.9980]    [1.2410]    [1.7350]    [1.4320]    [2.3340]    [1.1460]
    [0.5530]    [0.9960]    [1.0470]    [1.2240]    [1.4990]    [1.6400]    [2.3810]    [1.2160]
    [0.6980]    [0.9550]    [1.0910]    [1.4390]    [1.7650]    [1.9380]    [2.5040]    [1.2880]
    [0.7440]    [0.7990]    [1.1190]    [1.4800]    [2.1350]    [2.1050]    [2.7620]    [1.3790]
    [0.7030]    [0.7600]    [1.3440]    [1.3710]    [2.0420]    [2.2450]    [3.0980]    [1.6890]
    [0.7170]    [0.8080]    [1.1530]    [1.5090]    [2.0650]    [2.1860]    [3.2920]    [1.9060]
    [0.7660]    [0.8730]    [1.2250]    [1.5910]    [2.2370]    [2.1370]    [3.1480]    [1.7500]
    [0.7690]    [1.0070]    [1.2060]    [1.9370]    [2.0380]    [2.0040]    [2.8970]    [1.9300]
    [0.7780]    [0.9030]    [1.2610]    [2.1330]    [1.5830]    [2.1020]    [2.8050]    [1.7790]
    [0.8260]    [0.8750]    [1.3770]    [1.7090]    [1.5060]    [2.1690]    [1.9200]    [1.9240]
    [0.7660]    [0.8820]    [1.2670]    [1.4700]    [1.5880]    [2.4240]    [1.2830]    [1.9830]
    [0.8080]    [0.8850]    [1.0680]    [1.6000]    [1.6700]    [2.3300]    [0.9560]    [1.9190]

